[gd_scene load_steps=7 format=3 uid="uid://dgt7k2m1v8nxp"]

[ext_resource type="Script" path="res://scenes/showcase/viewport_demo.gd" id="1_demo"]
[ext_resource type="PackedScene" uid="uid://c3xm7jk8yv2dl" path="res://components/camera/orbit_camera.tscn" id="2_orbit"]

[sub_resource type="StandardMaterial3D" id="mat_core"]
albedo_color = Color(0.15, 0.4, 0.85, 1)
metallic = 0.7
roughness = 0.25
emission_enabled = true
emission = Color(0.1, 0.25, 0.5, 1)
emission_energy_multiplier = 0.8

[sub_resource type="SphereMesh" id="core_mesh"]
material = SubResource("mat_core")
radius = 0.35
height = 0.7
radial_segments = 32
rings = 16

[sub_resource type="StandardMaterial3D" id="mat_ring"]
albedo_color = Color(0.9, 0.9, 0.95, 1)
metallic = 0.95
roughness = 0.1

[sub_resource type="TorusMesh" id="ring_mesh"]
material = SubResource("mat_ring")
inner_radius = 0.85
outer_radius = 0.95
rings = 32
ring_segments = 48

[node name="ViewportDemo" type="Node3D"]
script = ExtResource("1_demo")

[node name="DemoMesh" type="Node3D" parent="."]

[node name="Core" type="MeshInstance3D" parent="DemoMesh"]
mesh = SubResource("core_mesh")

[node name="Ring1" type="MeshInstance3D" parent="DemoMesh"]
mesh = SubResource("ring_mesh")

[node name="Ring2" type="MeshInstance3D" parent="DemoMesh"]
transform = Transform3D(1, 0, 0, 0, 0, -1, 0, 1, 0, 0, 0, 0)
mesh = SubResource("ring_mesh")

[node name="Ring3" type="MeshInstance3D" parent="DemoMesh"]
transform = Transform3D(0, 0, 1, 0, 1, 0, -1, 0, 0, 0, 0, 0)
mesh = SubResource("ring_mesh")

[node name="OrbitCamera" parent="." instance=ExtResource("2_orbit")]
distance = 3.5
auto_rotate = true
auto_rotate_speed = 0.15

[node name="MainLight" type="DirectionalLight3D" parent="."]
transform = Transform3D(0.707107, -0.5, 0.5, 0, 0.707107, 0.707107, -0.707107, -0.5, 0.5, 0, 3, 0)
light_color = Color(1, 0.98, 0.95, 1)
light_energy = 1.0
shadow_enabled = true

[node name="FillLight" type="DirectionalLight3D" parent="."]
transform = Transform3D(0.707107, 0.5, -0.5, 0, 0.707107, 0.707107, 0.707107, -0.5, 0.5, 0, 2, 0)
light_color = Color(0.8, 0.85, 1, 1)
light_energy = 0.3

[node name="RimLight" type="DirectionalLight3D" parent="."]
transform = Transform3D(-1, 0, 0, 0, 0.707107, -0.707107, 0, -0.707107, -0.707107, 0, 2, -3)
light_color = Color(1, 0.95, 0.9, 1)
light_energy = 0.5

[editable path="OrbitCamera"]
